#!/usr/bin/env python

import sys, os
import numpy as np
import cv2

#convert from rgb to depth frame
rgb_to_depth_affine_transforms = dict(
    C001=np.array([[3.45638311e-01, 2.79844266e-03, -8.22281898e+01],
                   [-1.37185375e-03, 3.46949734e-01, 1.30882644e+01],
                   [0.00000000e+00, 0.00000000e+00, 1.00000000e+00]]),

    C002=np.array([[3.42938209e-01, 8.72629655e-04, -7.28786114e+01],
                   [3.43287830e-04, 3.43578203e-01, 1.75767495e+01],
                   [0.00000000e+00, 0.00000000e+00, 1.00000000e+00]]),

    C003=np.array([[3.45121348e-01, 8.53232038e-04, -7.33328852e+01],
                   [1.51167845e-03, 3.45115132e-01, 2.22178592e+01],
                   [0.00000000e+00, 0.00000000e+00, 1.00000000e+00]]),
)

depth_to_rgb_affine_transforms = dict(
    C001=np.array([[2.89310518e+00, -2.33353370e-02, 2.38200221e+02],
                   [1.14394588e-02, 2.88216964e+00, -3.67819523e+01],
                   [0.00000000e+00, 0.00000000e+00, 1.00000000e+00]]),

    C002=np.array([[2.90778446e+00, -1.04633946e-02, 2.15505801e+02],
                   [-3.43830682e-03, 2.91094100e+00, -5.13416831e+01],
                   [0.00000000e+00, 0.00000000e+00, 1.00000000e+00]]),

    C003=np.array([[2.89756295e+00, -7.16367761e-03, 2.12645813e+02],
                   [-1.26919485e-02, 2.89761514e+00, -6.53095423e+01],
                   [0.00000000e+00, 0.00000000e+00, 1.00000000e+00]]),
)

fx = 365.481
fy = 365.481
cx = 257.346
cy = 210.347

RGB_PATH = '..'

def overlay_rgbd(img_rgb, img_d):

	

def main(args):


if __name__=='__main__':

	main(sys.argv)
